2 0.3 0.42421875 0.04375 0.0484375
2 0.4859375 0.4875 0.046875 0.084375
2 0.059375 0.48828125 0.075 0.0984375
2 0.57890625 0.4984375 0.0578125 0.040625
2 0.36953125 0.51328125 0.0515625 0.0609375
2 0.2703125 0.5140625 0.05625 0.059375
2 0.109375 0.54921875 0.0625 0.0828125
2 0.17734375 0.5515625 0.0578125 0.0875
2 0.24765625 0.61015625 0.0546875 0.0765625
2 0.32890625 0.6875 0.0828125 0.109375
2 0.10390625 0.69921875 0.0546875 0.0484375
2 0.1953125 0.71171875 0.053125 0.0984375
2 0.54453125 0.75546875 0.0484375 0.0828125
2 0.078125 0.76484375 0.0375 0.0484375