5 0.3025288473901792 0.4308785627750316 0.12579997867599957 0.07384335969555131
5 0.3913180800445434 0.3439144150562091 0.09471361067790855 0.08663251977166349
5 0.43495209074631447 0.6041635069572633 0.11704314401654478 0.12658635771838506
5 0.5316350920591791 0.4573932777175099 0.08646475867281786 0.04881418479069151
5 0.5541726160486796 0.3810045326604258 0.06119203866963616 0.02435801285158128
5 0.5753567253739527 0.3225208706071473 0.048673857336090795 0.022286176882026075
5 0.5812554734245413 0.6952407876033416 0.06600680800445424 0.035486513840164415
5 0.5931009454169052 0.6395001235728968 0.0708579400063634 0.04974001482874755
5 0.6092782867202248 0.41917037752722947 0.06591590133672724 0.02767401384016459
5 0.6385219860757237 0.5835657999606314 0.09909202800763595 0.06026102076024671
5 0.6596782760582245 0.45558272140545003 0.08800907733927232 0.04731535178688588
5 0.7456612293920882 0.4629906561961416 0.07118520401018139 0.07786501482874755