5 0.5125726588102869 0.27747573126195785 0.09212334160399785 0.13381247334499946
5 0.6205627872224996 0.33946610658023124 0.10011562406898662 0.10423406134627218
5 0.37655161393930137 0.4484978506126843 0.14205056699689197 0.13283177601845358
5 0.5450254780834906 0.5027569945894581 0.06203342721213971 0.09129770934118149
5 0.6253850661728316 0.5041644059118677 0.034160984284234176 0.06286362667090888
5 0.6884116050479612 0.5088968119032772 0.028891287427387446 0.050309082670272606
5 0.3244881921038451 0.6107347686187294 0.045389582712657715 0.06924089600572714
5 0.38237346671095096 0.6084995592775481 0.06137845574818694 0.07723520934118148
5 0.6021615818885975 0.5669007632479585 0.03750430810555194 0.06758748933799978
5 0.4481782491759397 0.637405261935094 0.07518839867609248 0.10550566000954512
5 0.5791928087292336 0.6241683705840492 0.06054370181924558 0.09284202800763594
5 0.5940493672490702 0.7075439445815039 0.08815927956950453 0.08223179201145392