5 0.561826134102912 0.3398422433752374 0.07365658525525039 0.12852866431700996
5 0.6493870098380811 0.4351090444148558 0.08608134215265544 0.09834425684847722
5 0.38919978233931823 0.4608856813379568 0.12472776232447194 0.12306083693238978
5 0.5372887222988385 0.5685825500139332 0.048253793532136414 0.0892526767645645
5 0.6135269957045868 0.5955370589370028 0.023424211894930557 0.0609141892121194
5 0.6717965191103351 0.6211299774031979 0.021206614653892685 0.04829579004195637
5 0.2987308333346864 0.6007042753193165 0.034689260515449585 0.06799298340326061
5 0.3551069860936484 0.617525845030267 0.05055992198083885 0.07386447510489073
5 0.5754228081199158 0.6491230776083349 0.026794873360319826 0.06583848755244545
5 0.41132600859488566 0.6672783139113803 0.05976450361804453 0.10101897095570589
5 0.5392086691557637 0.6965774954498298 0.04677318068726599 0.09069677759440165
5 0.5323611256236274 0.7823373966945854 0.07712242198083885 0.07587726099766208