5 0.5969403192867431 0.31875 0.10236982863402008 0.134375
5 0.659142476130576 0.42578125 0.10648864357108571 0.10625
5 0.3984893186620432 0.41171875 0.15092572780418312 0.1359375
5 0.5161243367086752 0.53984375 0.06792305103961845 0.0921875
5 0.5843173070396812 0.578125 0.03754846680652087 0.0625
5 0.6348967248811761 0.61171875 0.0319137734452168 0.05
5 0.2757953346340828 0.5359375 0.050640462657336016 0.0703125
5 0.32630389749655586 0.56015625 0.06529495850815117 0.078125
5 0.533949531519872 0.62421875 0.042591164317009954 0.0671875
5 0.36885732778560554 0.6171875 0.0829327444009225 0.1046875
5 0.48700275392547027 0.66640625 0.06647895020978148 0.09375
5 0.45885259790683 0.74921875 0.09377515601864025 0.0828125