2 0.3405706728905124 0.38425432779201857 0.08749468281352524 0.08098440637700666
2 0.39859537300424314 0.22836285391130037 0.0659725098858317 0.050232373360319826
2 0.4046292198110321 0.5606364433504222 0.09441584486680377 0.05951884215265544
2 0.43753585619832924 0.31026130709980365 0.11074118182494211 0.0775252137039529
2 0.4537112959319366 0.2015004607632768 0.0964876808363588 0.0721007293077851
2 0.4509895666550022 0.49886678369405535 0.09900518577927464 0.09562011646291495
2 0.4433495271116752 0.6863667836940553 0.0852610207602467 0.10269563206674696
2 0.47142408346091613 0.4200800424004826 0.07984400889724856 0.04628185775648763
2 0.6150759243733871 0.39159427351729 0.08666701186299797 0.06067190637700666
2 0.62023165657889 0.4764196528705037 0.09167284684397004 0.06873006784239592
2 0.61813596289095 0.6047084271807631 0.14498884783255317 0.07620173111680746
2 0.660125850229649 0.7462684854122206 0.10493685079830276 0.08813516508343397
2 0.7501234505336603 0.6703444725219219 0.11676568874502422 0.1105833751693421
2 0.810631233119724 0.9146543945027605 0.1282761917107738 0.12521908525525022