2 0.72265625 0.31953125 0.0765625 0.0828125
2 0.39921875 0.35546875 0.0421875 0.0765625
2 0.4703125 0.3609375 0.053125 0.06875
2 0.83125 0.3765625 0.0625 0.1
2 0.6203125 0.4046875 0.084375 0.090625
2 0.53359375 0.4265625 0.0546875 0.09375
2 0.4484375 0.42890625 0.04375 0.0765625
2 0.58671875 0.50234375 0.0578125 0.0640625
2 0.3046875 0.51796875 0.065625 0.0796875
2 0.66484375 0.575 0.0390625 0.134375
2 0.51015625 0.5828125 0.1046875 0.11875
2 0.4796875 0.734375 0.06875 0.06875
2 0.26953125 0.821875 0.0859375 0.096875