2 0.37972069760509175 0.2211769694063971 0.11363537155854946 0.18867972376899803
2 0.46199202813743945 0.22866740529232515 0.09443970258518863 0.17643109604505716
2 0.19085451578014972 0.30605398600214356 0.1478830375661606 0.1879584579295562
2 0.6276369327763442 0.2739531360986886 0.09759919467652338 0.13925887797604233
2 0.46984965460172373 0.4181997988557078 0.1104175296574951 0.1479454631253363
2 0.5807142173395742 0.5078253915465704 0.1454000247145794 0.12702095792955603
2 0.31415677562880046 0.6448765493599109 0.08076452174882984 0.10847877153942509
2 0.21167376277721917 0.7128067305542619 0.09603669467652329 0.13914961733238068
2 0.6723128324351519 0.7452546997085575 0.12610619665368966 0.15060056956195353
2 0.45472874300555566 0.7892935488557079 0.11990922927693433 0.30441398441265977
2 0.2998900512947819 0.9185325706472345 0.15939885771838497 0.126441803722512