2 0.733551892488663 0.3678657028572121 0.18385833148532632 0.1067338052100677
2 0.7108053662508909 0.4507338608389295 0.1717377630835923 0.08591188296032684
2 0.6821090317817926 0.18093293714144637 0.17951944198043535 0.1392552067816443
2 0.6355793111445107 0.6186341443373754 0.1346927893919517 0.09197779238978612
2 0.5190805978350393 0.46511750020939696 0.1416708314853265 0.10476889081820957
2 0.410320976887174 0.5800404869748306 0.118763952503779 0.13954199710451576
2 0.31972388189473205 0.3162391602580289 0.10418624203690507 0.0765325748547749
2 0.2709972265342382 0.21644252150673396 0.13460178413027987 0.09041529238978621
2 0.15517917960271457 0.6799656741117678 0.14258088410204497 0.12039389081820957
2 0.1506414109751016 0.4635786947899323 0.2992103157003109 0.10743162613590122
2 0.053975597482103545 0.3112242903228716 0.10795119496420709 0.15567641935425688