2 0.4290367208447802 0.26536061640089126 0.11156685442427942 0.18906434523075957
2 0.5065966406133218 0.30024602449412396 0.09230743217453838 0.17670605518880328
2 0.23130554218489835 0.28565777054543173 0.14565075599585597 0.18541912697434615
2 0.6564275126153938 0.3994083427551818 0.09673806699689216 0.13811715186945542
2 0.4758795258499601 0.4884321861118416 0.1096019400324213 0.14687684523075967
2 0.5656975430134679 0.613623285491786 0.14444782092583353 0.126162526144509
2 0.28209948490791603 0.6595581344475233 0.07980312406898663 0.1088081601678251
2 0.17083234512316375 0.6918951925361115 0.09517556699689207 0.13799875269929238
2 0.6059607082338956 0.8769646576922474 0.12529971463952716 0.14962333693238997
2 0.3886105423942953 0.8471667234545055 0.11695217535011296 0.30468934523075963
2 0.2130047667537322 0.9298252274918332 0.15923806699689197 0.14034954501633373