2 0.6277619883528966 0.3039605659218319 0.08435506784239592 0.09323874491161739
2 0.7939978199901023 0.32188397105564304 0.05352114767057934 0.06980788896415202
2 0.4735049355485062 0.40996930574506657 0.06428822930778502 0.09686171189493056
2 0.7241666768420789 0.37959797376917653 0.08393898801421233 0.11503185775648764
2 0.8340363217991248 0.368356179332529 0.07695200361804452 0.10064180913596861
2 0.5455370658062308 0.43909688376422784 0.10047139077317446 0.10343261646291495
2 0.3611554217536962 0.47852895522466826 0.10762879353213632 0.09134205223856355
2 0.6270327272716202 0.43952625169748066 0.04948874491161739 0.08206222749876275
2 0.6911062726127788 0.5709123705352448 0.06387879353213641 0.08904921189493056
2 0.6110026927845954 0.5970455026019919 0.07358134215265544 0.0957905348257091
2 0.4864088065339768 0.6262936685899368 0.08261550542706679 0.1492430834462281
2 0.3595840349372507 0.7026624960432711 0.0929864393936934 0.10927318068726617
2 0.45714178765078417 0.7704055167354861 0.11551653663473135 0.12291960085908257
2 0.2354073077771722 0.8893513478068649 0.13015224672063966 0.1345940852552502