2 0.6265625 0.3484375 0.071875 0.08125
2 0.7875 0.3921875 0.04375 0.0625
2 0.4578125 0.42890625 0.05 0.0890625
2 0.71015625 0.43828125 0.0671875 0.1046875
2 0.8203125 0.44375 0.0625 0.090625
2 0.52421875 0.46875 0.0859375 0.090625
2 0.33671875 0.47890625 0.0953125 0.0765625
2 0.6046875 0.48203125 0.0375 0.0765625
2 0.64765625 0.621875 0.0515625 0.08125
2 0.5640625 0.63515625 0.059375 0.0859375
2 0.43671875 0.64453125 0.0609375 0.1390625
2 0.3 0.7 0.078125 0.096875
2 0.38515625 0.78203125 0.0984375 0.1078125
2 0.1484375 0.86484375 0.1125 0.1171875