2 0.3573432677515388 0.23131493332040223 0.09504690637700666 0.09177265394280303
2 0.3767604895960921 0.5569048646839504 0.08387038896415203 0.05663237939699588
2 0.38557556761525325 0.4855719986228742 0.07654921189493055 0.06536965060882309
2 0.41998935266810494 0.12420419286329994 0.1100168091359686 0.08054811151914842
2 0.43737600576575114 0.33619400983276176 0.10335072930778502 0.10178538273097573
2 0.4545026300305822 0.42345489377168555 0.10179487336031982 0.07209788273097573
2 0.45271547998515366 0.5091213268022237 0.08395227611928177 0.058194879396995705
2 0.5334188461093843 0.3722912643746897 0.07366987336031983 0.06980205909355419
2 0.5341369776103044 0.6554704261934005 0.08978619629109837 0.08045251666989942
2 0.6102026741285453 0.2954101578565111 0.14028416327441154 0.06434902667183913
2 0.6097157524863908 0.450799159523501 0.13582903663473153 0.12777379788366652
2 0.7597876735627185 0.48483983542703746 0.07893058344622812 0.08112219636645772
2 0.8360546817033189 0.6975154364852043 0.10968261646291495 0.10385806576151388