2 0.412876740119445 0.655103377560828 0.055851262917777866 0.0544641015172088
2 0.49786606990722265 0.4728332693756595 0.09197060087368066 0.06521015394280312
2 0.449091569525973 0.8994912352869544 0.10984908510611113 0.09630065727678314
2 0.5191942496187504 0.38029508301114145 0.049892203647222286 0.06645391848667055
2 0.510005006836945 0.5908179948298523 0.06856946846486131 0.06485946757828494
2 0.49901491508132007 0.6903396337697458 0.06867857123840296 0.06954696757828494
2 0.5153335121552786 0.8533817677086695 0.09233427678548622 0.08083515394280312
2 0.5254884557345146 0.7852376745264105 0.09691267401194459 0.07653029121570665
2 0.5920206858828825 0.7179706840693083 0.08430357123840296 0.07082242515463033
2 0.6779023280753478 0.6412968716417742 0.12256729065319441 0.1066960233378591
2 0.663608011205348 0.8678911936122059 0.05766833605604162 0.06552914727484307
2 0.6865350585080563 0.7767879614900535 0.10621493882958326 0.07417056576151389
2 0.7708126074262851 0.42941901178961583 0.09044446846486114 0.06664510818516849
2 0.7261268482113202 0.8972281361856418 0.05414329255305574 0.04808655575957417