2 0.413673020248784 0.7046875 0.05319941106992569 0.046875
2 0.470302510081983 0.51484375 0.08935516587924912 0.053125
2 0.48590265119682474 0.940625 0.10596231252120454 0.08125
2 0.47826383222183433 0.42109375 0.047440484390903495 0.0609375
2 0.5006943598118305 0.62890625 0.06602679328391084 0.05625
2 0.5042608147138212 0.728125 0.06462798439090349 0.0609375
2 0.5456248807784048 0.8859375 0.08990080290255768 0.06875
2 0.5456546518297969 0.81796875 0.09286211179556503 0.0640625
2 0.6013714276905127 0.74375 0.08176092068857237 0.059375
2 0.6762474313187097 0.6578125 0.11878969473518967 0.090625
2 0.6957885718853973 0.88125 0.0535813569862416 0.0578125
2 0.7052578303229178 0.7890625 0.10363592068857255 0.059375
2 0.7362846633473603 0.4375 0.0878472295815799 0.0546875
2 0.7622394619039308 0.90234375 0.05298115626060227 0.040625