2 0.703125 0.7515110396477807 0.090625 0.09071211733238052
2 0.63359375 0.42868019100483357 0.08125 0.05568155347041035
2 0.63515625 0.5006644516484953 0.0734375 0.06451025025210164
2 0.65703125 0.8623503506597595 0.10625 0.07930472376899793
2 0.60703125 0.651822760062584 0.0984375 0.10063342055068922
2 0.5765625 0.5660984275111802 0.0984375 0.07094592055068923
2 0.565625 0.4809586030055481 0.08125 0.05724405347041035
2 0.50703125 0.622173828868233 0.0703125 0.06897922896477801
2 0.46171875 0.34009902020204275 0.0859375 0.07944683540139544
2 0.44296875 0.7028503924781019 0.1375 0.06273993664223276
2 0.41875 0.548031852501345 0.1296875 0.12625613342392406
2 0.26484375 0.523207179100664 0.075 0.08024451089576327
2 0.15546875 0.31555893404434265 0.1046875 0.10263296312533629