2 0.2865918204678726 0.6119256459659561 0.1891828683170294 0.111502216024817
2 0.2934417889684287 0.5281955359643653 0.17706229991529537 0.09106244668999892
2 0.3723304413451508 0.7954279419557747 0.18796897881213823 0.1442783533577261
2 0.33751947070786903 0.35881827995704746 0.13983531570031094 0.09531359468490823
2 0.4829747258283665 0.507227413271821 0.14846686305535767 0.1094670013526354
2 0.5707260838338137 0.3897211925923216 0.12859397881213824 0.14358746268299924
2 0.7100972099021766 0.6484320265754586 0.10923776308359248 0.0793431493475449
2 0.778330541387503 0.7461422732336409 0.13818181043863903 0.09373291335136287
2 0.807551978670964 0.281425245226005 0.15093941567207594 0.12511018268618096
2 0.8502141326807463 0.4966684372215505 0.29957173463850745 0.11597263470717997
2 0.9589324681476203 0.6429429058720968 0.0821350637047594 0.15915791868236298