2 0.6830234585419097 0.617244520498844 0.10224431043863902 0.10066296427907381
2 0.5986987503529358 0.31682343840657523 0.08774219468185844 0.06519435598499985
2 0.6039330109468667 0.38709698218601973 0.08194722099021767 0.07246005183796278
2 0.6433400612856851 0.7380839922707884 0.11566977360693613 0.0909557736099071
2 0.5831592374105178 0.5435909899617142 0.11216534200867016 0.11085817049962934
2 0.548738005755782 0.4673210158806955 0.1074022472985769 0.08245976842611089
2 0.5332487846243901 0.38628562935856586 0.08783319994353037 0.06675685598499985
2 0.48154352950389256 0.5400449078694455 0.07909523677523325 0.07687414976444433
2 0.4239864476656302 0.2738136065971305 0.09691977360693613 0.08931536116879615
2 0.42153222169608934 0.6362356941560193 0.14288472099021768 0.07779139227157365
2 0.3903794741857509 0.49050282059338046 0.14487142619541976 0.13859219123481453
2 0.23560096892407908 0.5055987232325467 0.08598227360693614 0.08835845391148141
2 0.11761535032470098 0.32937655876518546 0.11859735253201387 0.11452997464666641