2 0.5978815825520994 0.6062350316815295 0.08880715060882309 0.0763293762235353
2 0.5387143923945596 0.7680009109002897 0.06619882697140156 0.04749504809323426
2 0.5343765472554466 0.43940468494690677 0.09483401000193972 0.05472719473518968
2 0.4997791802762864 0.6914582582678845 0.11186201333591957 0.07246033175849824
2 0.48375595436305174 0.8018600449283733 0.09741687606301604 0.06728175843752063
2 0.4876133754347961 0.5064756230586744 0.09933006242753403 0.09071925843752045
2 0.4966688663509403 0.31919387786799786 0.08603283697334127 0.09960318511654283
2 0.46704604179543485 0.5866541963796521 0.0797511439408634 0.04173612141421188
2 0.32310485209693696 0.6321899295894292 0.08714905575957417 0.05601687622353531
2 0.3182098001303845 0.5490054073569106 0.09247428454774687 0.06399306733052797
2 0.32079227937759913 0.4219344758685649 0.14585437606301604 0.06897323320977691
2 0.2796725560494383 0.28626235989664855 0.10494233363936126 0.08312501324684388
2 0.18925510801599063 0.3727752679713493 0.11753792848861026 0.10381945916315996
2 0.12979958605525727 0.13724948493905756 0.12806084030732107 0.11820934137714505