2 0.5914537085761126 0.71005966501554 0.09800685598499985 0.08859592721213971
2 0.6176121247404175 0.38438757692619874 0.08562443317629623 0.05378427956950453
2 0.5989605780862509 0.45528227378304553 0.07863213939685174 0.06279540653397539
2 0.5145993911867609 0.8147878604246447 0.11253824769092571 0.07682367328319835
2 0.5269407321860198 0.6025789588530681 0.10663956220555537 0.09833480024766886
2 0.5221643407629177 0.5148799057099149 0.1040422425071295 0.06864730024766903
2 0.5358645472662971 0.4294325572814916 0.08576113421305535 0.05534677956950453
2 0.43701836121527887 0.5631954352794196 0.0759172425071295 0.06733735731976367
2 0.47575539835032465 0.28050921381546684 0.09236244872768502 0.07744010339082212
2 0.3503980645611124 0.6372558275453712 0.14214783524981467 0.05952916542531543
2 0.37252521720027876 0.48216806720628896 0.13994007775694417 0.12322779238978612
2 0.22890164778467675 0.4429515175777926 0.08156164976444433 0.07849318114108109
2 0.18312769241259305 0.2280029137726856 0.11302626324231464 0.10018839867609249