2 0.6116980626014626 0.3058376037639269 0.08413433540139544 0.0923147878817268
2 0.7656864400733019 0.3476429822428388 0.05302644703379293 0.06957891848667064
2 0.43272647460217717 0.38802770574017753 0.06269637797604233 0.09677914727484324
2 0.6823769133380969 0.39483658876101735 0.08264824505632155 0.11549719636645772
2 0.7908231978669721 0.3991896357265999 0.07541489926336578 0.10092451333591956
2 0.4936750462578178 0.42732957967716156 0.09896165990702759 0.10440019970043757
2 0.3056123175451412 0.43957384347212314 0.10579081411407198 0.09097542848861018
2 0.571270168533877 0.43963851891661754 0.04775979282674854 0.08313123545613248
2 0.5948665696388282 0.579865035127475 0.06371257475773362 0.08909419303247787
2 0.5099998967423505 0.59378375603974 0.07196211733238052 0.09598192182065049
2 0.3818202664205195 0.6050237581657718 0.08036447921687966 0.14948955909355402
2 0.23875332743249836 0.6625328534740629 0.09147694183801285 0.10844997091226496
2 0.31154098138744113 0.7435917927135188 0.11422602698730663 0.12273561151914833
2 0.0655457843536483 0.8289226122680544 0.1290533514929388 0.1348210233378591