2 0.39418772931129764 0.7067206151487516 0.05919863421305553 0.05188066256778665
2 0.44473240786944546 0.5127751724285398 0.09581963939685174 0.05990224082661797
2 0.4750789784628259 0.9334780369881163 0.1171669590952776 0.0896988251355733
2 0.44895986955662115 0.41982914832623885 0.0540422425071295 0.0643443011314682
2 0.47877663425953826 0.6234581423743105 0.07408134043361088 0.06133747579950324
2 0.4865707189437051 0.7218001936039745 0.07292894354388864 0.06601588544042354
2 0.532549017341298 0.8745797599589491 0.09874914976444416 0.0755363311856975
2 0.530614661921946 0.8074377117543472 0.10146404665416639 0.07086701190385654
2 0.5843930642782885 0.7282587509819587 0.09011644354388863 0.06611587939029953
2 0.6557396754470846 0.6357030914392341 0.12892466531583313 0.09913745764913066
2 0.6833398292640295 0.8557428806668455 0.061581340433610875 0.06126475292686635
2 0.6898426904328255 0.7635644710259252 0.11212814458064795 0.06780564441741391
2 0.7088816737036583 0.41207014871902226 0.09439384043361088 0.06145565046753809
2 0.7507911694148165 0.8701866548673424 0.05708933006601846 0.045621572208706954