2 0.4128088806770999 0.7124053496188293 0.05399775324641087 0.05309417889684287
2 0.4948832207757115 0.5408026363799451 0.0900443474022122 0.06143729991529536
2 0.4507118498312536 0.9575870169239658 0.10775004464226878 0.08482596615206858
2 0.5151763555165918 0.451451710043351 0.047965941558013724 0.06523015785015537
2 0.5086747597359373 0.660235175842484 0.06822389448011297 0.06328822625188942
2 0.4986742426898088 0.7579901363799451 0.06671594155801372 0.06632222099021767
2 0.5171629642795945 0.9229626889966636 0.09031708279171564 0.07706229991529553
2 0.5261464521047298 0.8563667231975305 0.09495003571381488 0.07421031570031075
2 0.5922430105467162 0.7977799494494201 0.08393071509696384 0.06888577886860787
2 0.6777208145244759 0.7317369914722077 0.1204136858759707 0.10222889988706055
2 0.6652283173638496 0.9550001862246532 0.055751168019063255 0.06412268415851444
2 0.6871112256436802 0.867302765149731 0.10580571509696383 0.07015985253201365
2 0.7678707073830309 0.5309473071725186 0.08850912094116267 0.06290879465362345
2 0.7283146984512818 0.984406028621553 0.05388865909060954 0.03118794275689396